x~real, z~real
0.9657868460672931, 0.022953260065906325
0.07051836803305361, 0.040402525686412866
0.3076590755849321, 0.3649968150487975
0.2466729860093938, 0.3256729914530565
0.9725804501693864, 0.042337881915394254
0.590156397920946, 0.4064212607344366
0.804443020596251, 0.2004613737643445
0.975941623778702, 0.06150375258851245
0.6962228299025162, 0.2961671125624027
0.7306138218293564, 0.3174323158054809
0.5459588421001778, 0.4378918115399303
0.05350484134960526, 0.024877636248283964
0.4972231757270716, 0.5072792520679826
0.15403860233555577, 0.1601976609013101
0.8035393130213068, 0.21130319338000436
0.5073327956308498, 0.4397697143481012
0.5176570834702199, 0.43074924772463097
0.3999558830614537, 0.35128972432794436
0.36641566610579457, 0.40326621465913776
0.8646046765033597, 0.1842840401387459
0.7712319386561033, 0.2410008866871902
0.753242335791559, 0.23414296783777824
0.786967036176857, 0.2249399145284634
0.5851244017231267, 0.40102435145639864
0.28978735575808945, 0.31643913315168964
0.5116637562736008, 0.48032778947518084
0.9621976788316777, 0.017872679941075272
0.042073340812545656, 0.1056758299706762
0.9230478400573997, 0.10904171495284647
0.6703252250977056, 0.3942664621586065
0.78717527579994, 0.19748566902762524
0.7786309712245005, 0.23048340566059294
0.8264327558257413, 0.1990955847859672
0.7791525960039692, 0.21858644314892342
0.9369638554278694, 0.12224162866697681
0.7030763799294759, 0.2670618304227914
0.5003424213108998, 0.5155580994834188
0.9839186496088878, 0.036288357160294535
0.795011100614339, 0.1866540994310903
0.08469059979865218, 0.1175132223086844
0.4635769725083137, 0.4868057674778813
0.03134665784516766, 0.06544379284810053
0.6480003723736882, 0.38076883991957267
0.17811168176737974, 0.18863110575258138
0.2534082501314147, 0.21991071241196813
0.8044688723681659, 0.1623118606678874
0.5098535614548922, 0.4841205660279806
0.5347516052490038, 0.38437599297381236
0.9453131456537589, 0.09717170448803406
0.7556866623741949, 0.2188504142497086
0.8208717888004067, 0.16875621998074636
0.056465942625910426, 0.02150755585345429
0.776490054722693, 0.2534407188515548
0.4218739055963795, 0.5431655191510604
0.7919266281008501, 0.2342218677596154
0.10887447568964559, 0.05804827617695582
0.739018411593874, 0.27996669326138307
0.5383844768410755, 0.4345033832667594
0.32816529282265866, 0.36412134704251975
0.03956283346651984, -0.03984344259013428
0.6808847314095707, 0.3015994826277822
0.6169693392844922, 0.3689507741409353
0.7718692425148517, 0.20557163697724085
0.7398521960393039, 0.253239775791755
0.01608637837974941, 0.02715490652080862
0.716378288423302, 0.25122070200872154
0.649906039769561, 0.40598774276914684
0.9479063293204825, 0.05209514346716159
0.09863830712156713, 0.10868153899865607
0.5138160133291878, 0.4509074286250841
0.6976405349362783, 0.2688814854924236
0.8156521448062644, 0.19545601781239846
0.15954551250347931, 0.19602638187673407
0.18044125100075903, 0.2007323779435004
0.6582217898831193, 0.35787509025435005
0.8523219439686796, 0.19353029339325106
0.9406678580075392, 0.07896719738922052
0.4747430264624822, 0.45934704533670423
0.7238383703496835, 0.3115628616268647
0.21338264323609984, 0.18188222843359242
0.7848917261644238, 0.1947481346166692
0.8938968723905077, 0.07378979279532458
0.9938349282542583, -0.007106581681844677
0.9251993217000559, 0.1508557690208827
0.4581366704457229, 0.4446969649605623
0.16509880222838164, 0.218101367712753
0.4735093798104771, 0.4478487344524834
0.5229872705590198, 0.488821953553948
0.8854631132742548, 0.0976435477494147
0.31639424693068574, 0.3577991128220499
0.9269600335858513, 0.07125280211195856
0.7324391108270831, 0.24476558645431087
0.7809106941575501, 0.2288446811380572
0.039663656828579696, 0.05661642165930929
0.8275285808186271, 0.1668543130147664
0.7438701056397898, 0.2538031517953461
0.8386850971820449, 0.19501793995057518
0.047196128406710725, 0.04632856202324388
0.7201850003219933, 0.29484429681529384
0.8118073286212741, 0.20427833279485272
0.7319243613480183, 0.23833630124948202
0.12767677908002872, 0.17199230110803626
0.5216266182879772, 0.4596066867706495
0.8626549677888427, 0.10909277033298218
0.634514061248209, 0.35027944460121313
0.12743320525407253, 0.09293398579136568
0.6359140632721174, 0.3793778843651507
0.00840030253456403, 0.014511035600240061
0.34128404882371366, 0.33674251965286844
0.6184309592729594, 0.35462551627495276
0.2561429649952313, 0.23183636393369308
0.34528187291688484, 0.3373812494014031
0.8124075799622384, 0.2010270546455188
0.06577742774457995, 0.0509644862451165
0.8559505988840399, 0.12805196309828676
0.16292335639141026, 0.14234618285662903
0.6089371415272635, 0.43678404535973303
0.37438792874341015, 0.341436148419501
0.6485829528687244, 0.3603031105690511
0.7016437144616849, 0.31445617841633555
0.21814937761238956, 0.20765612309758275
0.276987730463896, 0.21047412956046896
0.7057979815140147, 0.31944682128220925
0.8734863152415551, 0.06385835044450808
0.18973491855996494, 0.20477638035274712
0.6237676655752913, 0.38614990157841295
0.4840569926274762, 0.5073023193556413
0.9059664113463788, 0.10416997683894653
0.3168571731804614, 0.3013150908113938
0.24778118977703412, 0.2955458312032885
0.7012566184423352, 0.29896756343496683
0.6766190236353351, 0.3219124278172664
0.799717365417687, 0.22794205185405264
0.20956468843352904, 0.27146655056544383
0.8436798792076838, 0.1361008972807991
0.08113552122210843, 0.11396153368579465
0.42350149004105053, 0.4097408803533996
0.8694827397975188, 0.17912914190779808
0.5598951923881142, 0.42618894045681693
0.11820993238503197, 0.10676084675378206
0.2674480180277942, 0.22253335791426482
0.8969444517994446, 0.1014221853572779
0.816008559113601, 0.15754719793593605
0.4801725649796197, 0.4796028920926395
0.8372635854131261, 0.13229140116713758
0.001906505183337126, 0.005067183641899832
0.4449743358546161, 0.45429787131121013
0.8100708554418884, 0.13513564433452466
0.7792270354444459, 0.2062558396051914
0.36597302479739613, 0.37175065646696653
0.621596260855246, 0.41344935694478707
0.9230641092114082, 0.05093388471656129
0.4910606489238301, 0.5244311854915266
0.9579221015180924, 0.07859772084843947
0.3344008219381278, 0.31882866801477333
0.6928311866455736, 0.2864072021260055
0.9920104838554398, 0.026057025190013045
0.6416331259056457, 0.36689260757222086
0.10574120442240992, 0.11182470637041755
0.9721467818285247, 0.06508343467686278
0.8525662501437022, 0.19013292962603295
0.22315872690719646, 0.20379088776777934
0.032290372997163586, 0.012035089965026998
0.35086448798591763, 0.3746254811900157
0.31286410698905, 0.34396703453216654
0.8380796622128666, 0.15983250974968477
0.6795081076070775, 0.3320175054659405
0.2542512861400786, 0.24890000057690947
0.4380544414982627, 0.4291873773476886
0.8503004067233834, 0.15549739967591894
0.965717264947246, -0.00105074020183972
0.8499507279578278, 0.11988540923933096
0.7687796289039632, 0.28206929203593856
0.7190879088431876, 0.3127098140453044
0.9141004033752189, 0.07120704976144768
0.9628085923248443, 0.039169145747104304
0.9253953213265101, 0.13049221169712277
0.5924253678682838, 0.382187930835296
0.5342287950504456, 0.45385632595059844
0.6933772045837852, 0.288749240544479
0.5156817636679262, 0.4687542989697376
0.20164742133183533, 0.22172958205174656
0.11866147923232429, 0.14673483884268032
0.6981214200317805, 0.2681994934184139
0.47753042251307576, 0.4751474009984076
0.9648427890003435, 0.04220743829466188
0.9047028244925366, 0.1080519307158951
0.11718134600315849, 0.1078161525053527
0.6604539220288511, 0.35123440178441295
0.5546548277501426, 0.4295107385605743
0.35658300552053895, 0.39218109436863047
0.9290041053571896, 0.07329829571467342
0.512755936355554, 0.5474274391413694
0.5498799515245978, 0.39387529929654264
0.7691263555835288, 0.25053908548339987
0.5702384716315083, 0.4358659457463497
0.1948109572220587, 0.18584862705419183
0.6696586417907571, 0.32399792884693845
0.48039842144790446, 0.4499542678737642
0.9839940367158464, 0.0658468020541321
0.28314190240046555, 0.2628225634874165
0.48407295211290985, 0.5468492721865884
0.20787350016075756, 0.2542550396710704
0.34989762110743994, 0.2973458959499093
0.9648469511932742, 0.015022020474387238
0.40560921008420664, 0.34398271730921515
0.39033980597504386, 0.35098379040184546
0.6053376969744648, 0.35650792094531764
0.24741553409685263, 0.2741557124496782
0.692214117034184, 0.2945145833214036
0.4260607655026789, 0.42438737229231455
0.9888686420635967, 0.04223767873906491
0.22508602947847872, 0.201671445302263
0.6345668343748154, 0.41442192160680874
0.8466361390298618, 0.10475189626086212
0.723954544793609, 0.24377260349395918
0.8496367923745135, 0.16632893294900283
0.05770926043670982, 0.0383980147395955
0.25555788394738965, 0.2534211651817762
0.11406362531290343, 0.131848984516644
0.4508646940332597, 0.48258428665731484
0.24032137926751512, 0.20735920011901302
0.7906312211537927, 0.19322507461850458
0.23858179117286693, 0.3069766406231126
0.4399942838636183, 0.453849421744054
0.8436977964769876, 0.15387549506077727
0.9402322652609236, 0.08471542124057427
0.6230957630026491, 0.38846517003416253
0.20787339030657187, 0.2302899584832957
0.9468763204918684, 0.06211635024419914
0.2547992384237138, 0.21437792504492426
0.7073031365073301, 0.31518995079374723
0.19904967409380647, 0.25921422901604063
0.8043890150752544, 0.2005924055246259
0.347005234619407, 0.381388894220847
0.6491388636138413, 0.39568643725060904
0.5026857494227782, 0.5370547004921576
0.47875041400968654, 0.4223337801271101
0.56673614017022, 0.4431913651520971
0.9846647811952283, -0.010244202771394748
0.05175871101596402, -0.03975066463401937
0.5510674902138699, 0.44522987578085044
0.8702981538765782, 0.1112166047175365
0.9098505360284872, 0.0681206245965525
0.6631034266578482, 0.3448727594809715
0.680050138352946, 0.2919174163436002
0.1772050882825686, 0.20343125839177867
0.9625816521701824, 0.06338342925674817
0.682596933700778, 0.29333338724879054
0.36222080017361735, 0.3326495404850601
0.9224465778048809, 0.022981281893579536
0.1610622504652009, 0.14299983823822676
0.42214477963319746, 0.41355126889886273
0.8442660271884507, 0.1091626566994957
0.5673138140701537, 0.4426088126983398
0.19823705036450673, 0.19704534206787094
0.38811835154707314, 0.37324674812499503
0.7522427260644672, 0.22162933251739586
0.5276605169046056, 0.4388056222777167
0.6009393741874687, 0.4238450984098978
0.004505475051110319, 0.0652316095887725
0.631745951363686, 0.4101162882389588
0.8149023463617856, 0.13663051187773675
0.3371788142139252, 0.35672982365922706
0.12827498631480333, 0.1165114478252493
0.7381649702101178, 0.2804641861189762
0.1621090217992237, 0.18049971970014503
0.19531426685039177, 0.17659661504114213
0.6393190699548423, 0.33141862437433073
0.5767986052660536, 0.4488248962716813
0.025218943087344237, 0.06915028350487035
0.36481517813310066, 0.34533728091580657
0.7628256107444764, 0.22485798770138765
0.3688706091716324, 0.40668068431601506
0.607707090030873, 0.40966613034729643
0.5198956414236584, 0.4663269368626491
0.04804592083295561, 0.09678807780794038
0.3113801636176759, 0.28439407714988996
0.45596255963792154, 0.4728870848665141
0.8445133651929884, 0.17586330325202237
0.08416169901246551, 0.12508531232031259
0.7062423043430379, 0.27455922923873916
0.21218315870291177, 0.19126841018485113
0.34005721222662755, 0.3807729043370777
0.08131818715421268, 0.05651421718428187
0.2573173747138274, 0.219462346431299
0.2917698613376661, 0.2303782476590917
0.9255041711605073, 0.027396514170740023
0.38287872534359846, 0.38530307438580375
0.07269850353065455, 0.10405941618104222
0.07300519495937297, 0.06859164698977104
0.273908899343213, 0.26252441726486897
0.8035694577412245, 0.22002945555111128
0.6640201270077013, 0.35254566121415576
0.6482249382348002, 0.39410846179257675
0.5287954710981234, 0.4699987566990974
0.9074209266133175, 0.1488511471948592
0.5045706899766347, 0.5099401637299392
0.7877435918688805, 0.21753485246011708
0.009353562523674974, 0.05328020087167308
0.9492767702944693, 0.07457078516995966
0.493636639565568, 0.4768400823909299
0.5104698599301847, 0.42472529749733123
0.744297946662031, 0.28065175570252543
0.7041277956459611, 0.23875407503750135
0.47577481165564267, 0.4685133762453838
0.03844889287872866, 0.004421219731852492
0.17083242580759006, 0.17660780817865485
0.7996434071885568, 0.18965692968749856
0.2806044585813524, 0.22098945920200977
0.9364942025738676, 0.03816776446833582
0.5973661403851703, 0.3789821868399505
0.9490101118423646, 0.06319591992366545
0.5812300478879919, 0.40006438907078823
0.4026226157366243, 0.3585617285347853
0.5564624975259433, 0.4147107525149076
0.15355046509506048, 0.12390061469571237
0.21755021303430555, 0.17442610136938227
0.9801816149674772, 0.027002358528642655
0.9679578109835116, 0.0355971281756096
0.5075840477895253, 0.4942019888154493
0.4944779604164928, 0.532904255406741
0.4083591357158556, 0.43943154700792714
0.5912687483105511, 0.44624973043232885
0.6916052649041202, 0.3132821484309726
0.8444915389215035, 0.1386718870643009
0.41419161178225145, 0.38403677774223577
0.570614900862811, 0.41603286055088606
0.5840910728038486, 0.36176169887047227
0.13895529402374796, 0.18024808802427217
0.9762369400195816, 0.008496458304361429
0.46721456411030426, 0.4765170259652255
0.657114975753456, 0.3852617299315698
0.34329392770846245, 0.3385030776845885
0.9577547390616573, 0.061836096058447074
0.02846914574362025, 0.03670673642215035
0.44643211382962694, 0.460073976250701
0.1373733881554714, 0.2049256636185965
0.015537164771231238, -0.04010426907394162
0.5657333374252809, 0.4655796193919249
0.40281324769080257, 0.4052961741377808
0.5643360686170871, 0.4172573168774309
0.839459095127429, 0.15415623906813794
0.6994754699436969, 0.28554543668573856
0.8381438920846551, 0.16565749869503726
0.228657475802438, 0.19934013463798406
0.06736768548851457, 0.08794537472678379
0.8834643971085419, 0.0718045693367437
0.9771682454048605, -0.024007758687908887
0.03733628765733865, 0.07391632628844358
0.15010651969603994, 0.17155943581158434
0.538076238213786, 0.4126801248555329
0.8137455494226311, 0.17651862901916698
0.9668988050296081, 0.06409594562925647
0.012270929493063465, 0.009023801286508492
0.30689644914575087, 0.2384437866663905
0.049100060089994124, 0.06289494401683303
0.8432937834069995, 0.17068803982866065
0.5657164529508897, 0.4063896754981633
0.9004996380510806, 0.08007391559007575
0.8587839335643783, 0.10204797317853641
0.641772989790195, 0.387751970995882
0.4848933347012077, 0.47318050716232124
0.2066215983772755, 0.20851363534096684
0.5949357093405505, 0.39755847686350737
0.3494972289183088, 0.36497495946410297
0.6457556618932214, 0.38001661516828267
0.8268951181000148, 0.1642631972767878
0.2809053246166963, 0.2868768223090396
0.48487740247863975, 0.4965200831344836
0.26329475363306537, 0.22394444444503903
0.9469030602429733, 0.02575339022935425
0.8964297654699629, 0.1572226320443305
0.43455431682126666, 0.47698667438986175
0.5366718096400183, 0.48908103049016916
0.4585092198946261, 0.40564270957493526
0.983281998107912, 0.06600528421336196
0.35144097388206647, 0.342981308530467
0.025475917075256205, 0.022124034425642588
0.0312597703500615, 0.04826559916463018
0.5236787886229002, 0.4300373797763857
0.45539505914624856, 0.49041935270824527
0.03580926243228222, 0.05949522580651406
0.8731046801233708, 0.1465635717245229
0.3567215969487415, 0.32694700865100784
0.1918593731716674, 0.24100337341115474
0.4907019693870655, 0.49634665549171003
0.7297709227131778, 0.3062971031458908
0.1017577354607887, 0.08623120797968384
0.33320213953895705, 0.3736475659951799
0.09578500943910256, 0.1590032986329394
0.2468261890994009, 0.2755832926884703
0.15178755481063272, 0.2136412530046487
0.2525088032084302, 0.263556510204652
0.08820031281994734, 0.091284446999019
0.6588036481923212, 0.3293171162152251
0.7849063670520627, 0.2448774287719484
0.7602214236882865, 0.23126945876950597
0.9744029001311147, 0.024293696283964716
0.37571576829886494, 0.4076267330454749
0.31725852470374827, 0.3388396789543472
0.07029142478284817, 0.04570710965600377
0.9208108361701279, 0.06842363640709334
0.9088668080984259, 0.09216611859691785
0.4870938155715994, 0.5196116563619666
0.15440563879277286, 0.12953293866494092
0.8601843760572705, 0.11380816770849683
0.7150808732534673, 0.3063152549447762
0.4162551632801751, 0.4414630644229134
0.9503656711400599, 0.06029680547981181
0.4161666421996204, 0.38484472964935057
0.44129433428438475, 0.48529498060545884
0.04278950852934127, 0.0585979407540745
0.11384451787601058, 0.08927286783032436
0.9285937788639391, 0.13694811886659197
0.2199185311118464, 0.14850201901528978
0.35636219856749257, 0.3505644250376112
0.2415144477836068, 0.20648689036989654
0.18298346462940962, 0.21690126175664393
0.09946077404160014, 0.10551362752598148
0.5967684871979789, 0.42405424074479703
0.7479343564467743, 0.2836489922503807
0.9090363480603268, 0.11946736279966207
0.3945983472098156, 0.3636828496657582
0.7950739938225395, 0.19546788279322044
0.3486043932275787, 0.36728236580519585
0.21503579600786038, 0.18616129607787968
0.20523270581316705, 0.18684332213885613
0.1467792471791829, 0.06675594230753806
0.8872403033912581, 0.10090231066946263
0.8677070611497494, 0.09079917876565477
0.0850078203491868, 0.03896914697639469
0.20689175500264273, 0.22279934902353862
0.5465893558778175, 0.4326691911677367
0.21039793588456124, 0.22309001733040806
0.8363586430655735, 0.17077121838686118
0.7879022979657408, 0.21494396469794055
0.2990042926149779, 0.33387663270138673
0.03636841845487382, 0.05343526235470325
0.6713628495539941, 0.3581188058679047
0.7234004418072446, 0.29729656623558537
0.7855111993820151, 0.19732537490540153
0.3985280811754928, 0.38233482021253623
0.005500932142540049, -0.007583548122361582
0.8324274986585714, 0.21959945123763597
0.6602519410470385, 0.36358292887092725
0.142135306630013, 0.20048256661808417
0.44488670436577493, 0.4231210987719347
0.4826535484136427, 0.483730696785724
0.30095099104653766, 0.2280191112812175
0.3927735005116713, 0.40011816683316415
0.5866125557408169, 0.3667251821984611
0.10407830336603696, 0.08985045003150534
0.1654513977554093, 0.1995072825642412
0.818345099067944, 0.17069152503580826
0.5765604569307252, 0.41492393134589156
0.8491939069920382, 0.15076563039801943
0.9693838011438108, 0.08133903497059997
0.7108750299411544, 0.32003594335626495
0.4593620609842083, 0.44198400551720324
0.8304111112802691, 0.17479805172744822
0.7706773170490062, 0.2514225824971968
0.30159102661149434, 0.3334998956231806
0.7111481591162556, 0.26834993570924737
0.49103850503496105, 0.5225935867204213
0.4728901863345504, 0.4568657246916506
0.23104893550185046, 0.1613191214849154
0.9673096839231233, 0.07741368713254244
0.1822177022210239, 0.1412853964272747
0.7012331452061908, 0.36461427684412134
0.744997069909627, 0.2158920376712009
0.844699744283316, 0.14833501851359157
0.9249556819278142, 0.0431201118828427
0.9626774695446725, 0.0897328187635035
0.47622430180392294, 0.5171780741921439
0.41053784100715185, 0.44638997336503367
0.13375904577403913, 0.16064376856611678
0.9746846813639376, 0.0058811577893712365
0.6028123882018146, 0.4295016676075272
0.7687348512703364, 0.18763148874911434
0.7663625579598674, 0.21222370222901524
0.5358639603016848, 0.4560643009968506
0.7440140256668424, 0.25585274861205315
0.9184390556326727, 0.11806889252678926
0.44265853559492896, 0.4412077236382764
0.8162582549441815, 0.14993784905981547
0.6664034501887569, 0.3150620203782452
0.48931069550147405, 0.4738466321582406
0.04517101277366681, 0.04718798439366596
0.4649792762991669, 0.45582766376852213
0.2249976894338781, 0.16939623934476533
0.6733645536429274, 0.3489590065286542
0.6732826799605538, 0.3527567496346548
0.46855642427224337, 0.4446442311091771
0.4567220270595557, 0.45739996060412397
0.6541770618404357, 0.4086225598145312
0.5739102489914136, 0.39174165491031887
0.7446337947101397, 0.2927769342816069
0.37689414341463084, 0.3368052225098618
0.08083647294798829, 0.14186838724537704
0.31243759443683594, 0.30996543135437493
0.022544505236232193, 0.04794438143352136
0.3033271127505612, 0.3207847267918605
0.6462216372348206, 0.3341406123612798
0.4794541425322825, 0.4833919031754691
0.6448104796996111, 0.38825688358675925
0.9472023067716889, 0.046859281461064745
0.10702703662605256, 0.037319617863133384
0.15120920481038047, 0.1021758715420644
0.5217609575769021, 0.4920842607229896
0.06503895013245564, 0.10057484702862274
0.6264086944423188, 0.3737487730834158
0.6346813892821996, 0.3502033333231004
0.08523208858006687, 0.0637695294668855
0.6618879529720728, 0.3083090240041593
0.6292076011458787, 0.3519244590827557
0.7317753906688698, 0.3233193704937141
0.7167047327658954, 0.2765890125769672
0.5723032393766603, 0.4375128114806295
0.43441436351016394, 0.43635849333555554
0.351396683157662, 0.345785852475095
0.27025700678547987, 0.25484676072390444
0.22269485873439016, 0.18858794343738042
0.7698708433901192, 0.23307323451364256
0.28301819756972024, 0.2315198933367861
0.9713527861504949, -0.011877616505562863
0.49634365876885644, 0.44733025770069135
0.8801614836727194, 0.09187026932432442
0.32084096130215145, 0.3730611954530261
0.6487567103823204, 0.36072002482301546
0.38065828748333363, 0.37717546020069526
0.8102291732080124, 0.1502600535722646
0.6937642252473917, 0.3087490926018852
0.9487608684986873, 0.0034447950804833427
0.9751809120564487, 0.047876337858671
0.08445735802027704, 0.06642056426893879
0.4131189402808552, 0.40245782067684965
0.38842807276552704, 0.35661201551805577
0.9783990335055406, 0.050549862230914344
0.4037924600885393, 0.37788443295684915
0.6974812937218018, 0.29651168935933736
0.8277006245340166, 0.10720084591010744
0.9515962798608578, 0.02440063485427976
0.6519372657682068, 0.33874366322479466
0.5718719827375347, 0.44145266078184536
0.6789936520936599, 0.29118915773776954
0.4787760984012849, 0.5377265651270688
0.43572829106767297, 0.46919388523467254
0.06725949848352902, 0.04680782125447834
0.9272862216274482, 0.05590414115265763
0.8031179078679231, 0.20598199903147027
0.5845171476117899, 0.45305163373932716
0.1655244475987392, 0.138601536559576
0.8037429339673292, 0.2190490387904263
0.6224760807396987, 0.35173408297160585
0.49870773297682486, 0.4850728186189832
0.7449049540586425, 0.28004228401723313
0.24154364426914154, 0.24413281929145186
0.969107924811303, 0.019519359671095953
0.968558367424653, 0.014017622654385886
0.7814316638720451, 0.19093105945561678
0.04386789314782713, 0.06195144425712451
0.48211757030412244, 0.4291990150885846
0.08093990182779126, 0.08963806148773101
0.9529740055780047, 0.02412561438737463
0.510875709849288, 0.39887058100988215
0.4050285149287312, 0.4151614425718719
0.5939477757963271, 0.4062468081749888
0.07425763269474245, 0.05371035346766194
0.6050457407866382, 0.3848678546513979
0.30544841549373236, 0.24764705243558624
0.6870983310677595, 0.3142450566188144
0.46357643489659356, 0.4005567027636068
0.08237594509620244, 0.03710190356360939
0.8189650937853744, 0.20025090399028558
0.28829620590955757, 0.2928644767671277
0.9049105790531992, 0.10129822859414825
0.3807222544903687, 0.34673699703520044
0.6652142931037868, 0.3272613126273635
0.23784233346625477, 0.21543573522453313
0.32277544461298, 0.2709763535843003
0.4359444569319211, 0.3894388082063415
0.77048459666015, 0.18824490835128047
0.3744584298125044, 0.35810152695746955
0.13136452860983877, 0.155750824253495
0.49154853161473744, 0.43372490436783406
0.05827641552302648, 0.035995546717891014
0.2186364191481044, 0.23601836881966848
0.954412793797607, -0.0016064884851912445
0.3781590153245914, 0.3738611422895934
0.33690725563195595, 0.314650593435075
0.2845778955762628, 0.29115149052010614
0.03769497517860837, 0.07182445329293052
0.1654245295845576, 0.16073558968721613
0.22155668163599046, 0.2160924655233536
0.6735710055124943, 0.34318864298094365
0.6921870289674871, 0.3770218905857312
0.030854262105778296, 0.012923602932842695
0.17706966967070586, 0.1800754877502058
0.9888591132053621, -0.021145794165128788
0.5126567360547774, 0.5081430367189725
0.6476023714690909, 0.3561789176540157
0.057388356063233836, 0.026197742746936543
0.26488740332109717, 0.2654263526152899
0.9138130835331263, 0.11457555702287928
0.3663623937171318, 0.3907218048176504
0.9476575550459927, 0.032007438527463045
0.022271065671025825, -0.013111962585269858
0.7141322581803273, 0.2932342768895584
0.45530261297164143, 0.4322962936966954
0.18585037813624095, 0.14749380130299025
0.24391028116773472, 0.2379764065712817
0.5760912302334866, 0.3653340141709911
0.666368347338542, 0.3222889774027222
0.15218615544691766, 0.1705779272315364
0.517384546462464, 0.43781205906330206
0.5807783717679376, 0.3919730635186629
0.91629656454677, 0.09369685005700026
0.2666634113170536, 0.2834623606982638
0.3040907975035198, 0.3274927084702588
0.574713663510084, 0.4514838453660552
0.9063325068113881, 0.11873331585720892
0.12770656129016694, 0.09914620085728863
0.27654677394894983, 0.2940235833712438
0.17719958672676211, 0.26186685696482337
0.05590782382580195, 0.07660449601079869
0.8582258722951486, 0.14779586350573315
0.9118633453849109, 0.07859718344194605
0.4776366479072589, 0.45598869671896514
0.19243425210694132, 0.197507091979692
0.4993158095764538, 0.4921148707684112
0.041596142969756666, 0.02649242409099121
0.9839762526132589, 0.004890259372463821
0.02188606363523704, -0.02291724200733003
0.20636783067945602, 0.24926457027305599
0.8360192518555261, 0.17748268290289032
0.8058465802302348, 0.18691070985435182
0.002989446984625277, 0.04882497735669704
0.057549293169181615, 0.08590848653567086
0.7443205421758046, 0.26311143450730695
0.36887550236162303, 0.30803614376046734
0.36160633882215093, 0.33025619639444437
0.4804012234090199, 0.4696262962399034
0.7213003436015368, 0.30185472272891567
0.16034792762503186, 0.15409691453529262
0.11129472292890591, 0.05268594968989609
0.6387331608656399, 0.31151731127575455
0.6458620863642224, 0.3292741470069747
0.10057316268134359, 0.07062218906034717
0.09104690129184367, 0.08029735006672309
0.5990441965690958, 0.3967400487718533
0.6769156947144566, 0.35434800659125604
0.6192011620691431, 0.37801501109531516
0.691852112220221, 0.33914734206865976
0.7133752110575563, 0.31481353402740075
0.8982715321421892, 0.11338491993535098
0.8912148456743703, 0.12451490558383448
0.11999874549363199, 0.1141633580196212
0.4137979181533488, 0.39889966939302834
0.4756845389816597, 0.511177184760698
0.9534389626361357, 0.044546916440261305
0.2369267950964648, 0.23637656604973764
0.01267215779170322, 0.016896695170869103
0.18641555771210028, 0.19661906319954986
0.5791442220201829, 0.4037648425751004
0.7229598849359103, 0.28928923932195616
0.14235386444875242, 0.14441848881420993
0.5845085619556085, 0.41330859487188737
0.8356886532861826, 0.12197771051571564
0.03539129406830854, 0.06818483802651717
0.6482114702788679, 0.3885739530183173
0.23343981376126183, 0.2888022542834415
0.6881266567536398, 0.2757380251023784
0.8701677123515384, 0.16929579014848767
0.06960980064927119, 0.07081621462764222
0.8718766558049615, 0.13421185669575075
0.8403290767651699, 0.11493586504420988
0.0908090926864214, 0.04838146217669153
0.804945951509237, 0.1864458279669443
0.07799112368854416, 0.09118356112830354
0.7243963979737014, 0.2413126099750285
0.35822227645661736, 0.3783021143525359
0.6588724695507984, 0.3257518347470915
0.4631052218133796, 0.4640581679501267
0.15901004000245028, 0.13869509477029304
0.4807109782962593, 0.4836326835575252
0.21251914898908553, 0.1731933797027255
0.6564017960305536, 0.2561007046633236
0.6978552722651966, 0.3532415527607897
0.3047538316490014, 0.28776764970311935
0.8408252126587232, 0.13648045031948777
0.3390172935190094, 0.35639405070470953
0.08036240120472798, 0.07612538869638127
0.7840170600014523, 0.2271484634041611
0.2250197073774678, 0.17058565842943552
0.848039192626463, 0.1665753349672727
0.4787512001063114, 0.4665392614661208
0.6965876835794137, 0.3246987882571537
0.8728386008905324, 0.1355334653904689
0.8987634200741397, 0.08166824173659731
0.4077269601131747, 0.43776622084301253
0.32855772039326747, 0.3054168106674182
0.464242774664252, 0.4848417297055897
0.7670237649785112, 0.22529176372326784
0.7261645334727365, 0.28530015688806976
0.30585948950112674, 0.3271714271566059
0.28620217627024097, 0.2564642160982187
0.3324875418398142, 0.3330353264358812
0.11373032965468377, 0.12822633300700198
0.13564649324536943, 0.1671425936107407
0.10653667225103203, 0.08697077379729054
0.7085185943138947, 0.2848209730670709
0.24963038362483486, 0.2768996701958451
0.41353406240810714, 0.41149109345228085
0.06385554943512156, 0.11200993650813115
0.2745409877847038, 0.28111897818293785
0.6555357530139747, 0.2813630354393886
0.06365818906129089, 0.08214891587525593
0.018312839993421537, 0.013153123007757834
0.7827935546728007, 0.1885294816863357
0.7902250865750875, 0.19261811713801927
0.9047809682527478, 0.0924253525975448
0.31619676436172106, 0.23641577301431932
0.8329476441637971, 0.17473967308765198
0.4995971821931964, 0.5346307115036472
0.2775651079369338, 0.2293911316209102
0.0702972628409747, 0.05261600271619803
0.8952673394192724, 0.09946619661360574
0.8324448661887576, 0.19249045304171294
0.9256598274173441, 0.0803133358624549
0.8475462831650529, 0.16258268274636783
0.715823546980791, 0.2767277999892437
0.02974462306393516, 0.02703478865394927
0.7963848069118341, 0.1789759384720673
0.5856014832654935, 0.43448223619637355
0.8557303177627584, 0.10678993180945084
0.6832048759426468, 0.3318010794811092
0.9155686209063096, 0.10567854188658116
0.13084455825730706, 0.16249363723843827
0.3004538471269028, 0.3264111998291518
0.13742889534021158, 0.10947767709087414
0.49549222774389845, 0.48900984698272065
0.5016913129817107, 0.4912626583505384
0.02495148031348049, 0.06840843114977022
0.6792867575259787, 0.26345248092975915
0.9549080800713506, 0.04325271304463161
0.33316139943364675, 0.2345419289833852
0.6157304342275989, 0.3675303920677918
0.417953965214275, 0.44339118987339704
0.5657495367973473, 0.36223649251020096
0.9513313444258162, 0.0695135547387764
0.5318724663365084, 0.4545358966591608
0.009562722219636943, 0.008495035746308126
0.49241517348924113, 0.4894786848264665
0.15959524100717304, 0.15714178301328585
0.3336532910245396, 0.3799968897630636
0.5215249208526834, 0.5445159175492016
0.5564066655177958, 0.3945974671438884
0.592583476078657, 0.39203591205983673
0.7195920248599341, 0.2894974443719961
0.7633244832276038, 0.28338748059161295
0.1416189970471281, 0.11328279013641761
0.9081403563731437, 0.08543524302793008
0.4905986445321089, 0.4930063334996636
0.8329397596703485, 0.17026662805009182
0.7537257653484675, 0.19988811760178482
0.6429374664173982, 0.34295983725977297
0.603343689960484, 0.3471615568923637
0.9410449741163066, 0.08916448410485302
0.8608721218332, 0.22422677237176863
0.25310032256491505, 0.2912645479050115
0.7840571459833118, 0.2090167883978996
0.7787531432617104, 0.19880296149462975
0.7722826437925674, 0.19650940183077856
0.6976517119560242, 0.3402831241628847
0.7486701378659644, 0.20981419156755432
0.28890105860113685, 0.3040453302906067
0.9564103445344903, 0.034027466953185724
0.39962568159885226, 0.3956148784611289
0.4155450675733108, 0.39508016759008363
0.18574012126865797, 0.1566109035301405
0.8608983172447138, 0.16564449166029638
0.537382357290728, 0.48859823197388336
0.6029971216818731, 0.40147357223586694
0.9433853940785634, 0.045430533658457437
0.4728943531503543, 0.4453759674985464
0.8769539931372605, 0.1387104114888673
0.07539178899357796, 0.0884932088388062
0.7394880880977788, 0.23707728376416107
0.5501538925827765, 0.433974145439438
0.7551788841817921, 0.2205869559377928
0.43881026139177354, 0.4500852018014947
0.4973354716038746, 0.5097135074015094
0.6608860329312658, 0.3538014602180796
0.36293043760812915, 0.3369774288237342
0.7901066325454495, 0.20299872081762677
0.21694500729416694, 0.27261468228923885
0.3934416635485721, 0.3797758783310135
0.15792422425807168, 0.16155769541158624
0.6916376557192748, 0.29869409778579536
0.7237080952958104, 0.25372250997996104
0.8357127726145683, 0.13450260656752766
0.5573870562773209, 0.458465801357931
0.978028107484513, -0.024146430378461717
0.7917520818026953, 0.21570960605903525
0.17850589840437275, 0.21115902707936524
0.5222975908044594, 0.4774102412072551
0.6010415748747632, 0.38125049503063674
0.8184272307358629, 0.1530790353114883
0.06717288702230839, 0.09001236989627663
0.24695873898322662, 0.29029636968504435
0.18395879002267618, 0.18280858483711493
0.3361889533527552, 0.3059757662306764
0.1114261192120044, 0.08291657850874437
0.41033821950476645, 0.37700140838512153
0.187822331159893, 0.1477865960564828
0.1486336082780847, 0.128790514201051
0.2645351323878847, 0.31541770020989357
0.8289140870077096, 0.12339482426836348
0.08848894061754309, 0.10018034641630282
0.7685596203732405, 0.2337224346593451
0.09999618903400814, 0.14982697932265343
0.3746879416542033, 0.37256741974976754
0.72563737411143, 0.31315395258531953
0.6176639475072498, 0.37112788421162535
0.3462855757629634, 0.3992650524748726
0.6865793772773598, 0.30395185655144247
0.01271193968962231, -0.004882163266539365
0.11984706454152205, 0.1367662502569774
0.3884522793498299, 0.4277300219540542
0.008590932450798894, 0.006159833069526182
0.4902388747955222, 0.460328104741115
0.883088103079529, 0.07079951536206083
0.8090749550588772, 0.22460574116499996
0.4339335728296565, 0.38024248595656907
0.2640346918257682, 0.2879375502229836
0.6184648983077683, 0.4241792744943401
0.420502814194388, 0.4350333768979549
0.42072862120987636, 0.4480986733536443
0.19453273790057113, 0.1638539060803687
0.2891321583710055, 0.25674561912518346
0.13531951167718143, 0.12167508099202803
0.6719526616174146, 0.3145843192504212
0.7937861354887348, 0.21092697853120096
0.7169340048719077, 0.2752928557213858
0.43261355644423866, 0.47301632677471744
0.33996793847286216, 0.36993873699441054
0.6426623844708752, 0.31188425305761397
0.9998156889371007, -0.006895688636332186
0.603908585020493, 0.3884787915145987
0.5242813393666308, 0.5200443658385909
0.7623269822142101, 0.28581547046752787
0.6093123749211709, 0.43011968243916354
0.9045009513851413, 0.0998131107741733
0.6801010097891244, 0.30502368919832085
0.26132024020392797, 0.27010648115410185
0.9441311886806195, 0.0040148961424851665
0.1934720067176356, 0.16697799700025193
0.34481027758290783, 0.35079541808100595
0.232363796238179, 0.22756234907740666
0.9132062121883422, 0.07601852621240862
0.11878680730456731, 0.1154097313873548
0.019654474867408178, -0.012300411930216942
0.7914901268672205, 0.21063682276618212
0.30959392170967875, 0.37496439008529353
0.8926604013149937, 0.09903118661226758
0.1147369588939623, 0.16511867056533666
0.8361705050083695, 0.1725858175183414
0.3151905233145341, 0.3112830055920191
0.7067675809798555, 0.30459792167166366
0.0768464189409852, 0.0765423126555846
0.548823778604785, 0.42775724131148685
0.9454901965085206, 0.05606746177652593
0.35689155420267993, 0.3209995066170239
0.17168833944984685, 0.19256474772386878
0.8874205893583729, 0.1389221638139123
0.6034671709443559, 0.36643671743930495
0.1822511205628508, 0.2028742341416333
0.384769255230566, 0.37848194231348753
0.7858544012925552, 0.1603810736983805
0.6621523216771819, 0.387890090654221
0.9760160466596735, 0.03678988816018962
0.5384833615465836, 0.4773326300205665
0.5333329357647709, 0.4393095273829416
0.1365886986695437, 0.1691397209043429
0.5904143535238559, 0.3570634873674747
0.9968764671179977, 0.023500125870887855
0.8142505898450387, 0.22189208140626496
0.03758826594005493, 0.04920213852927084
0.5423551138955698, 0.4370184521448425
0.7441135277660669, 0.16230087333570908
0.6678344839818641, 0.2883577962069007
0.9220758508695739, 0.061431934611798286
0.5236347088257973, 0.498156727511526
0.1778514408813769, 0.19073409672460076
0.17031362966579627, 0.18643275131816678
0.9677941289424072, -0.008712865329708969
0.8335639744018708, 0.1586223782670756
0.15451957842438213, 0.179005548434518
0.4514430287286543, 0.4514146415906276
0.1037571146917749, 0.07426577008109148
0.3812485561004717, 0.3407938007235964
0.6599365844519514, 0.33959419486804077
0.23192133695673783, 0.2707455057581138
0.3220777174810885, 0.27191449657868866
0.5497737094250386, 0.4657584980557555
0.4557424202914667, 0.478628901954084
0.4085728505119669, 0.4711316027763308
0.7816582407470744, 0.32951191134427954
0.8751899092084758, 0.1587587467719406
0.16980066129492882, 0.1693273500786661
0.32012151250750753, 0.3603705339432391
0.1897210915446224, 0.16209112349115118
0.6694648924454667, 0.3410900483288782
0.057026553265223434, 0.03596969799275077
0.19796682110771996, 0.19583739699819716
0.713269969181057, 0.32541302323341065
0.9084621740405001, 0.06205419451613447
0.556022650358565, 0.4631837402085684
0.9435783089662872, 0.08628586256665348
0.8293104753917497, 0.18917903148655138
0.9135259319905897, 0.1658841203159149
0.3064538486650789, 0.2648308545793283
0.27695768486125855, 0.24445599227148282
0.5700220331804695, 0.3844387666709247
0.07839640773371526, 0.03289199215717738
0.4722701990293882, 0.4427904893445251
0.9690743068165175, 0.013115153153233618
0.05706143902181371, 0.06232497118668543
0.6319494953043547, 0.3709011753248689
0.5366861381696474, 0.4510986169670821
0.305261919184891, 0.37562669970306206
0.04779164049781737, 0.001392103897595795
0.18164908895305854, 0.1528780872628825
0.19625073044348523, 0.2319882877842662
0.626271818852995, 0.4158957488559664
0.43546761488089303, 0.41066750815734127
0.05261979366204639, 0.0070580555554013505
0.08339444098645643, 0.10475176855283894
0.25900908775509257, 0.288779086158638
0.25527441937251166, 0.2756168503166211
0.7228924305521858, 0.2709340318289739
0.2895133801251235, 0.2556372095456329
0.8799362295577162, 0.10750052832618864
0.7486009706410741, 0.2337721413495531
0.9566442793919132, 0.05099926811823228
0.5439531727943983, 0.5076188416149936
0.8507099966552567, 0.13453448272811677
0.42904610021172607, 0.3703226164715475
0.554150491308925, 0.44068476812378893
0.42817996858895535, 0.3890276789655991
0.3278246544756364, 0.33408732231385574
0.37539194387496005, 0.3733322978272373
0.9696825018649784, 0.07973313347356548
0.16897730188260318, 0.1805400428349742
0.4758666824504563, 0.4526537063856414
0.1491429901899387, 0.21084358511267995
0.39673418137993394, 0.36440334665729956
0.8596829203814693, 0.14785370329951214
0.407443035189808, 0.40946488916829
0.2972172545718415, 0.33913425246320583
0.7837254601729315, 0.27044765202495347
0.9042807028941424, 0.05579252801282733
0.5319273077468099, 0.45924356005807876
0.3539893593934169, 0.32468292084927086
0.12272824308075242, 0.10190754600069156
0.06558854853948015, 0.05269431872768865
0.31987469795103923, 0.26389056044588766
0.10112385405452978, 0.1016601999807409
0.7487785164051621, 0.20979505422385591
0.725833759279932, 0.29176744364122736
0.080289280069265, -0.0026380890889199232
0.5784998440973927, 0.4494872146034003
0.7979833649658878, 0.2572544647669962
0.8355835218090659, 0.15476853667495313
0.2038836591995985, 0.20073774396799618
0.4650169193755349, 0.45838114220341053
0.3989010023538638, 0.47278086710739586
0.5352983419366659, 0.4340616783810402
0.9470534274665253, 0.0363715798455535
0.4641850938356061, 0.43573880617272465
0.11356654434273666, 0.0867567460465315
0.0827028628222275, 0.050816415427262084
0.7184956352535901, 0.2707643978441985
0.7361401170582993, 0.23233242922735772
0.10205563943762536, 0.1500437988477292
0.5087183231675713, 0.5180987325004254
0.983232662160934, 0.02543048355994768
0.7150886672671257, 0.28131422921622085
0.45762283756752825, 0.42953922908374725
0.8548775665208711, 0.13672312413560603
0.3172599984233341, 0.32342663662082816
0.8391761830979114, 0.129419207447455
0.6482208636942446, 0.2976937184387487
0.9159437273627762, 0.06533267960299438
0.33011805133371525, 0.35490263823316837
0.2983833848736736, 0.33095282351277994
0.504601609531805, 0.5339892663423512
0.6228797660675857, 0.3985325008976282
0.6223957970138576, 0.37904978724059124